{
 "cells": [
  {
   "cell_type": "code",
   "execution_count": 153,
   "metadata": {},
   "outputs": [
    {
     "name": "stdout",
     "output_type": "stream",
     "text": [
      "[[1. 6. 2. 5. 6.]\n",
      " [6. 2. 4. 1. 5.]\n",
      " [2. 4. 7. 3. 8.]\n",
      " [5. 1. 3. 6. 2.]\n",
      " [6. 5. 8. 2. 9.]]\n"
     ]
    }
   ],
   "source": [
    "#nhập ma trận A cỡ 5x5 bất kì\n",
    "import numpy as np\n",
    "A = np.random.randint(1, 10, (5,5))\n",
    "#biến A thành floating point\n",
    "A = A.astype(np.float64)\n",
    "for i in range(5):\n",
    "    for j in range(5):\n",
    "        if i > j:\n",
    "            A[i][j] = A[j][i]\n",
    "print(A)"
   ]
  },
  {
   "cell_type": "code",
   "execution_count": 154,
   "metadata": {},
   "outputs": [
    {
     "name": "stdout",
     "output_type": "stream",
     "text": [
      "5\n"
     ]
    }
   ],
   "source": [
    "#rank của ma trận A\n",
    "print(np.linalg.matrix_rank(A))"
   ]
  },
  {
   "cell_type": "code",
   "execution_count": 155,
   "metadata": {},
   "outputs": [
    {
     "name": "stdout",
     "output_type": "stream",
     "text": [
      "Ma trận R: [[ 1.00995049e+01  6.03990001e+00  1.01985197e+01  5.84187050e+00\n",
      "   1.14857115e+01]\n",
      " [-1.11022302e-16 -6.74682206e+00 -4.35789777e+00 -3.66330786e+00\n",
      "  -8.24498564e+00]\n",
      " [ 2.22044605e-16  0.00000000e+00  4.35877541e+00 -1.50105291e+00\n",
      "   2.96687471e+00]\n",
      " [ 0.00000000e+00  0.00000000e+00  5.55111512e-17  5.01991680e+00\n",
      "  -7.66650955e-01]\n",
      " [ 0.00000000e+00  2.22044605e-16  0.00000000e+00  4.44089210e-16\n",
      "  -8.41750479e-01]]\n"
     ]
    }
   ],
   "source": [
    "#tính QR factorization của ma trận A\n",
    "from qr_by_given_rotations import QRByGivenRotation\n",
    "\n",
    "\n",
    "qr = QRByGivenRotation(A)\n",
    "R, rotations = qr.decomposite()\n",
    "print('Ma trận R:', R)"
   ]
  },
  {
   "cell_type": "code",
   "execution_count": 156,
   "metadata": {},
   "outputs": [],
   "source": [
    "def checkHessenberg(A_matrix, eps=1e-10):\n",
    "    #kiem tra duoi duong cheo phu\n",
    "    for i in range(0, A_matrix.shape[1]):\n",
    "        for j in range(i+1, A_matrix.shape[0]):\n",
    "            if abs(A_matrix[j,i]) > eps:\n",
    "                print('Duoi duong cheo phu khac 0',j,i, A_matrix[j,i])\n",
    "                return False\n",
    "           \n",
    "            \n",
    "    return True"
   ]
  },
  {
   "cell_type": "code",
   "execution_count": 157,
   "metadata": {},
   "outputs": [
    {
     "name": "stdout",
     "output_type": "stream",
     "text": [
      "[[ 16.32352941 -11.58306093   1.88262045   2.02977061  -0.5000743 ]\n",
      " [-11.58306093   0.86751086  -2.87506961   1.64120965   0.17613531]\n",
      " [  1.88262045  -2.87506961   4.13282723  -1.06036407  -0.19877292]\n",
      " [  2.02977061   1.64120965  -1.06036407   4.21304502   0.31569   ]\n",
      " [ -0.5000743    0.17613531  -0.19877292   0.31569     -0.53691253]]\n",
      "Duoi duong cheo phu khac 0 1 0 -11.583060927140988\n",
      "[[ 2.24659595e+01  4.00292561e+00  7.78145126e-02  3.78166784e-01\n",
      "   1.39478533e-02]\n",
      " [ 4.00292561e+00 -4.80416041e+00  2.43330888e+00 -1.47087217e+00\n",
      "  -5.79432508e-03]\n",
      " [ 7.78145126e-02  2.43330888e+00  4.57392639e+00 -1.09119565e+00\n",
      "   1.58409392e-02]\n",
      " [ 3.78166784e-01 -1.47087217e+00 -1.09119565e+00  3.32640463e+00\n",
      "  -3.67332757e-02]\n",
      " [ 1.39478533e-02 -5.79432508e-03  1.58409392e-02 -3.67332757e-02\n",
      "  -5.62130139e-01]]\n",
      "Duoi duong cheo phu khac 0 1 0 4.002925606523272\n",
      "[[ 2.30109024e+01 -1.07809483e+00 -2.05278195e-02  5.00438992e-02\n",
      "  -3.43711626e-04]\n",
      " [-1.07809483e+00 -5.37779230e+00 -2.65639181e+00  7.48899350e-01\n",
      "  -7.03337904e-04]\n",
      " [-2.05278195e-02 -2.65639181e+00  5.07242199e+00 -6.34549735e-01\n",
      "  -1.65340004e-03]\n",
      " [ 5.00438992e-02  7.48899350e-01 -6.34549735e-01  2.85685730e+00\n",
      "   5.56546995e-03]\n",
      " [-3.43711626e-04 -7.03337904e-04 -1.65340004e-03  5.56546995e-03\n",
      "  -5.62389416e-01]]\n",
      "Duoi duong cheo phu khac 0 1 0 -1.0780948286436973\n",
      "[[ 2.30492962e+01  2.84921902e-01 -7.78072668e-03  6.00443514e-03\n",
      "   8.39126342e-06]\n",
      " [ 2.84921902e-01 -5.45253017e+00  2.66551546e+00 -3.40989139e-01\n",
      "  -6.61389003e-05]\n",
      " [-7.78072668e-03  2.66551546e+00  5.24020677e+00 -3.08880078e-01\n",
      "   1.60473830e-04]\n",
      " [ 6.00443514e-03 -3.40989139e-01 -3.08880078e-01  2.72542463e+00\n",
      "  -1.06077822e-03]\n",
      " [ 8.39126341e-06 -6.61389003e-05  1.60473830e-04 -1.06077822e-03\n",
      "  -5.62397415e-01]]\n",
      "Duoi duong cheo phu khac 0 1 0 0.28492190151671054\n",
      "[[ 2.30519652e+01 -7.52017824e-02 -2.13606480e-03  7.04366540e-04\n",
      "  -2.04729328e-07]\n",
      " [-7.52017824e-02 -5.48992126e+00 -2.61227498e+00  1.51639886e-01\n",
      "  -6.12352198e-06]\n",
      " [-2.13606480e-03 -2.61227498e+00  5.30437678e+00 -1.43868329e-01\n",
      "  -1.52502380e-05]\n",
      " [ 7.04366540e-04  1.51639886e-01 -1.43868329e-01  2.69597699e+00\n",
      "   2.17356207e-04]\n",
      " [-2.04729330e-07 -6.12352198e-06 -1.52502380e-05  2.17356207e-04\n",
      "  -5.62397736e-01]]\n",
      "Duoi duong cheo phu khac 0 1 0 -0.07520178237974856\n",
      "[[ 2.30521508e+01  1.98477671e-02 -5.55995450e-04  8.22363545e-05\n",
      "   4.99474719e-09]\n",
      " [ 1.98477671e-02 -5.52302893e+00  2.54671024e+00 -6.71057654e-02\n",
      "  -5.66300271e-07]\n",
      " [-5.55995450e-04  2.54671024e+00  5.34354812e+00 -6.63372910e-02\n",
      "   1.44293892e-06]\n",
      " [ 8.22363545e-05 -6.71057654e-02 -6.63372910e-02  2.68972777e+00\n",
      "  -4.52774202e-05]\n",
      " [ 4.99474559e-09 -5.66300273e-07  1.44293892e-06 -4.52774202e-05\n",
      "  -5.62397750e-01]]\n",
      "Duoi duong cheo phu khac 0 1 0 0.01984776712368409\n",
      "[[ 2.30521637e+01 -5.23862175e-03 -1.43191686e-04  9.59187201e-06\n",
      "  -1.21853951e-10]\n",
      " [-5.23862175e-03 -5.55424227e+00 -2.47977603e+00  2.96649888e-02\n",
      "  -5.23631418e-08]\n",
      " [-1.43191686e-04 -2.47977603e+00  5.37605863e+00 -3.05057215e-02\n",
      "  -1.36436489e-07]\n",
      " [ 9.59187201e-06  2.96649888e-02 -3.05057215e-02  2.68841770e+00\n",
      "   9.46442720e-06]\n",
      " [-1.21855556e-10 -5.23631439e-08 -1.36436488e-07  9.46442720e-06\n",
      "  -5.62397751e-01]]\n",
      "Duoi duong cheo phu khac 0 1 0 -0.005238621745500222\n",
      "[[ 2.30521646e+01  1.38275936e-03 -3.67956465e-05  1.11854961e-06\n",
      "   2.97448320e-12]\n",
      " [ 1.38275936e-03 -5.58380394e+00  2.41371195e+00 -1.31101656e-02\n",
      "  -4.84138579e-09]\n",
      " [-3.67956465e-05  2.41371195e+00  5.40589318e+00 -1.40127655e-02\n",
      "   1.29020235e-08]\n",
      " [ 1.11854961e-06 -1.31101656e-02 -1.40127655e-02  2.68814392e+00\n",
      "  -1.97977989e-06]\n",
      " [ 2.97287880e-12 -4.84138749e-09  1.29020248e-08 -1.97977989e-06\n",
      "  -5.62397751e-01]]\n",
      "Duoi duong cheo phu khac 0 1 0 0.0013827593590484085\n",
      "[[ 2.30521647e+01 -3.65005519e-04 -9.45043476e-06  1.30433478e-07\n",
      "  -7.09240504e-14]\n",
      " [-3.65005519e-04 -5.61180344e+00 -2.34896839e+00  5.79326305e-03\n",
      "  -4.47590564e-10]\n",
      " [-9.45043476e-06 -2.34896839e+00  5.43394976e+00 -6.43198015e-03\n",
      "  -1.22037910e-09]\n",
      " [ 1.30433478e-07  5.79326305e-03 -6.43198015e-03  2.68808678e+00\n",
      "   4.14193394e-07]\n",
      " [-7.25285618e-14 -4.47592670e-10 -1.22037853e-09  4.14193395e-07\n",
      "  -5.62397751e-01]]\n",
      "Duoi duong cheo phu khac 0 1 0 -0.00036500551893971347\n",
      "[[ 2.30521647e+01  9.63550114e-05 -2.42682395e-06  1.52096484e-08\n",
      "   3.37393907e-15]\n",
      " [ 9.63550114e-05 -5.63831675e+00  2.28563269e+00 -2.55979616e-03\n",
      "  -4.13760290e-11]\n",
      " [-2.42682396e-06  2.28563269e+00  5.46047498e+00 -2.95047831e-03\n",
      "   1.15463456e-10]\n",
      " [ 1.52096485e-08 -2.55979616e-03 -2.95047831e-03  2.68807486e+00\n",
      "  -8.66567727e-08]\n",
      " [ 1.76946073e-15 -4.13777488e-11  1.15464800e-10 -8.66567725e-08\n",
      "  -5.62397751e-01]]\n",
      "Duoi duong cheo phu khac 0 1 0 9.635501139108027e-05\n",
      "[[ 2.30521647e+01 -2.54372432e-05 -6.23144725e-07  1.77357057e-09\n",
      "   1.56131659e-15]\n",
      " [-2.54372432e-05 -5.66341623e+00 -2.22371717e+00  1.13099084e-03\n",
      "  -3.82282775e-12]\n",
      " [-6.23144725e-07 -2.22371717e+00  5.48557695e+00 -1.35266891e-03\n",
      "  -1.09280969e-11]\n",
      " [ 1.77357074e-09  1.13099084e-03 -1.35266891e-03  2.68807237e+00\n",
      "   1.81302809e-08]\n",
      " [-4.31690797e-17 -3.82492644e-12 -1.09274972e-11  1.81302811e-08\n",
      "  -5.62397751e-01]]\n",
      "Duoi duong cheo phu khac 0 1 0 -2.5437243213393436e-05\n",
      "[[ 2.30521647e+01  6.71561048e-06 -1.59996949e-07  2.06812756e-10\n",
      "   1.60553655e-15]\n",
      " [ 6.71561049e-06 -5.68717141e+00  2.16321715e+00 -4.99673651e-04\n",
      "  -3.51817504e-13]\n",
      " [-1.59996950e-07  2.16321715e+00  5.50933265e+00 -6.19812400e-04\n",
      "   1.03311002e-12]\n",
      " [ 2.06812934e-10 -4.99673651e-04 -6.19812400e-04  2.68807185e+00\n",
      "  -3.79321228e-09]\n",
      " [ 1.05318497e-18 -3.53551865e-13  1.03443522e-12 -3.79321203e-09\n",
      "  -5.62397751e-01]]\n",
      "Duoi duong cheo phu khac 0 1 0 6.7156104880310764e-06\n",
      "[[ 2.30521647e+01 -1.77304434e-06 -4.10780063e-08  2.41159095e-11\n",
      "   1.60445819e-15]\n",
      " [-1.77304433e-06 -5.70964900e+00 -2.10412285e+00  2.20744046e-04\n",
      "  -3.05860546e-14]\n",
      " [-4.10780062e-08 -2.10412285e+00  5.53181034e+00 -2.83866850e-04\n",
      "  -9.85693101e-14]\n",
      " [ 2.41160870e-11  2.20744046e-04 -2.83866850e-04  2.68807175e+00\n",
      "   7.93614646e-10]\n",
      " [-2.56942837e-20 -3.26782204e-14 -9.79473090e-14  7.93614901e-10\n",
      "  -5.62397751e-01]]\n",
      "Duoi duong cheo phu khac 0 1 0 -1.773044334012626e-06\n",
      "[[ 2.30521647e+01  4.68135207e-07 -1.05458952e-08  2.81195622e-12\n",
      "   1.60448435e-15]\n",
      " [ 4.68135210e-07 -5.73091299e+00  2.04642190e+00 -9.75142530e-05\n",
      "  -1.27219622e-15]\n",
      " [-1.05458962e-08  2.04642190e+00  5.55307436e+00 -1.29947919e-04\n",
      "   7.96942196e-15]\n",
      " [ 2.81213381e-12 -9.75142530e-05 -1.29947919e-04  2.68807172e+00\n",
      "  -1.66040181e-10]\n",
      " [ 6.26856851e-22 -3.02023140e-15  9.27648615e-15 -1.66039926e-10\n",
      "  -5.62397751e-01]]\n",
      "Duoi duong cheo phu khac 0 1 0 4.681352096169164e-07\n",
      "[[ 2.30521647e+01 -1.23606035e-07 -2.70729414e-09  3.27740358e-13\n",
      "   1.60448375e-15]\n",
      " [-1.23606031e-07 -5.75102468e+00 -1.99010001e+00  4.30749737e-05\n",
      "   1.80664830e-15]\n",
      " [-2.70729413e-09 -1.99010001e+00  5.57318605e+00 -5.94617410e-05\n",
      "  -1.52185367e-15]\n",
      " [ 3.27917898e-13  4.30749737e-05 -5.94617410e-05  2.68807172e+00\n",
      "   3.47385804e-11]\n",
      " [-1.52932659e-23 -2.79125725e-16 -8.78762623e-16  3.47388353e-11\n",
      "  -5.62397751e-01]]\n",
      "Duoi duong cheo phu khac 0 1 0 -1.236060313819408e-07\n",
      "[[ 2.30521647e+01  3.26380123e-08 -6.94969509e-10  3.80603687e-14\n",
      "   1.60448375e-15]\n",
      " [ 3.26380154e-08 -5.77004273e+00  1.93514131e+00 -1.90265905e-05\n",
      "   1.73500022e-15]\n",
      " [-6.94970570e-10  1.93514131e+00  5.59220411e+00 -2.71976851e-05\n",
      "  -1.20655040e-15]\n",
      " [ 3.82379200e-14 -1.90265905e-05 -2.71976851e-05  2.68807172e+00\n",
      "  -7.26830616e-12]\n",
      " [ 3.73105887e-25 -2.57951785e-17  8.32630268e-17 -7.26805119e-12\n",
      "  -5.62397751e-01]]\n",
      "Duoi duong cheo phu khac 0 1 0 3.2638015425747504e-08\n",
      "[[ 2.30521647e+01 -8.61832452e-09 -1.78392879e-10  4.28131458e-15\n",
      "   1.60448375e-15]\n",
      " [-8.61832123e-09 -5.78802324e+00 -1.88152853e+00  8.40382675e-06\n",
      "   2.07714985e-15]\n",
      " [-1.78392896e-10 -1.88152853e+00  5.61018462e+00 -1.24355142e-05\n",
      "  -6.70879720e-16]\n",
      " [ 4.45885550e-15  8.40382675e-06 -1.24355142e-05  2.68807172e+00\n",
      "   1.52036503e-12]\n",
      " [-9.10256866e-27 -2.38373175e-18 -7.89079877e-18  1.52062001e-12\n",
      "  -5.62397751e-01]]\n",
      "Duoi duong cheo phu khac 0 1 0 -8.618321230221156e-09\n",
      "[[ 2.30521647e+01  2.27580499e-09 -4.57888944e-11  3.42396119e-16\n",
      "   1.60448375e-15]\n",
      " [ 2.27580811e-09 -5.80501979e+00  1.82924316e+00 -3.71171365e-06\n",
      "   1.77248296e-15]\n",
      " [-4.57899270e-11  1.82924316e+00  5.62718117e+00 -5.68386381e-06\n",
      "  -1.27264804e-15]\n",
      " [ 5.19939170e-16 -3.71171365e-06 -5.68386381e-06  2.68807172e+00\n",
      "  -3.18398754e-13]\n",
      " [ 2.22073034e-28 -2.20271079e-19  7.47951904e-19 -3.18143771e-13\n",
      "  -5.62397751e-01]]\n",
      "Duoi duong cheo phu khac 0 1 0 2.2758081093939677e-09\n",
      "[[ 2.30521647e+01 -6.00985823e-10 -1.17528417e-11 -1.16911823e-16\n",
      "   1.60448375e-15]\n",
      " [-6.00982536e-10 -5.82108353e+00 -1.77826562e+00  1.63928370e-06\n",
      "   2.07343962e-15]\n",
      " [-1.17528888e-11 -1.77826562e+00  5.64324490e+00 -2.59705730e-06\n",
      "  -6.81816352e-16]\n",
      " [ 6.06291773e-17  1.63928370e-06 -2.59705730e-06  2.68807172e+00\n",
      "   6.63069822e-14]\n",
      " [-5.41785887e-30 -2.03535355e-20 -7.09097964e-20  6.65619672e-14\n",
      "  -5.62397751e-01]]\n",
      "Duoi duong cheo phu khac 0 1 0 -6.009825364234326e-10\n",
      "[[ 2.30521647e+01  1.58705512e-10 -3.01548943e-12 -1.70471540e-16\n",
      "   1.60448375e-15]\n",
      " [ 1.58708641e-10 -5.83626324e+00  1.72857543e+00 -7.23964096e-07\n",
      "   1.78381506e-15]\n",
      " [-3.01649465e-12  1.72857543e+00  5.65842461e+00 -1.18627806e-06\n",
      "  -1.25777316e-15]\n",
      " [ 7.06985999e-18 -7.23964097e-07 -1.18627806e-06  2.68807172e+00\n",
      "  -1.41810646e-14]\n",
      " [ 1.32178114e-31 -1.88063923e-21  6.72379955e-21 -1.39260796e-14\n",
      "  -5.62397751e-01]]\n",
      "Duoi duong cheo phu khac 0 1 0 1.5870864144672605e-10\n",
      "[[ 2.30521647e+01 -4.19165138e-11 -7.74109718e-13 -1.76716590e-16\n",
      "   1.60448375e-15]\n",
      " [-4.19132278e-11 -5.85060542e+00 -1.68015130e+00  3.19715814e-07\n",
      "   2.06756493e-15]\n",
      " [-7.74184851e-13 -1.68015130e+00  5.67276680e+00 -5.41710262e-07\n",
      "  -6.99419980e-16]\n",
      " [ 8.24403737e-19  3.19715813e-07 -5.41710263e-07  2.68807172e+00\n",
      "   2.65862574e-15]\n",
      " [-3.22471555e-33 -1.73762199e-22 -6.37669251e-22  2.91361119e-15\n",
      "  -5.62397751e-01]]\n",
      "Duoi duong cheo phu khac 0 2 1 -1.6801513045052623\n",
      "[[ 2.30521647e+01  1.10659746e-11 -1.97708859e-13 -1.77444936e-16\n",
      "   1.60448375e-15]\n",
      " [ 1.10691122e-11 -5.86415437e+00  1.63297131e+00 -1.41187501e-07\n",
      "   1.79419110e-15]\n",
      " [-1.98688088e-13  1.63297131e+00  5.68631574e+00 -2.47303992e-07\n",
      "  -1.24293643e-15]\n",
      " [ 9.61322462e-20 -1.41187502e-07 -2.47303993e-07  2.68807172e+00\n",
      "  -8.64570540e-16]\n",
      " [ 7.86725585e-35 -1.60542553e-23  6.04845969e-23 -6.09585068e-16\n",
      "  -5.62397751e-01]]\n",
      "Duoi duong cheo phu khac 0 2 1 1.6329713115850355\n",
      "[[ 2.30521647e+01 -2.92666352e-12 -5.08883547e-14 -1.77529778e-16\n",
      "   1.60448375e-15]\n",
      " [-2.92337818e-12 -5.87695223e+00 -1.58701297e+00  6.23468167e-08\n",
      "   2.06185786e-15]\n",
      " [-5.09899833e-14 -1.58701297e+00  5.69911361e+00 -1.12871955e-07\n",
      "  -7.16069125e-16]\n",
      " [ 1.12098094e-20  6.23468153e-08 -1.12871956e-07  2.68807172e+00\n",
      "  -1.27448301e-16]\n",
      " [-1.91935424e-36 -1.48323822e-24 -5.73798296e-24  1.27537249e-16\n",
      "  -5.62397751e-01]]\n",
      "Duoi duong cheo phu khac 0 2 1 -1.587012967073501\n",
      "[[ 2.30521647e+01  7.68943378e-13 -1.21307183e-14 -1.77539695e-16\n",
      "   1.60448375e-15]\n",
      " [ 7.72088612e-13 -5.88903913e+00  1.54225335e+00 -2.75308063e-08\n",
      "   1.80387682e-15]\n",
      " [-1.30853268e-14  1.54225335e+00  5.71120050e+00 -5.15037302e-08\n",
      "  -1.22883736e-15]\n",
      " [ 1.30715584e-21 -2.75308079e-08 -5.15037308e-08  2.68807172e+00\n",
      "  -2.81668869e-16]\n",
      " [ 4.68259933e-38 -1.37030838e-25  5.44421869e-25 -2.66833141e-17\n",
      "  -5.62397751e-01]]\n",
      "Duoi duong cheo phu khac 0 2 1 1.542253347228802\n",
      "[[ 2.30521647e+01 -2.07203928e-13 -3.23128383e-15 -1.77540834e-16\n",
      "   1.60448375e-15]\n",
      " [-2.03919459e-13 -5.90045318e+00 -1.49866918e+00  1.21565710e-08\n",
      "   2.05634455e-15]\n",
      " [-3.35793033e-15 -1.49866918e+00  5.72261456e+00 -2.34960802e-08\n",
      "  -7.31751263e-16]\n",
      " [ 1.52425106e-22  1.21565696e-08 -2.34960811e-08  2.68807172e+00\n",
      "  -2.49402894e-16]\n",
      " [-1.14240175e-39 -1.26594000e-26 -5.16619217e-26  5.58267687e-18\n",
      "  -5.62397751e-01]]\n",
      "Duoi duong cheo phu khac 0 2 1 -1.4986691828613485\n",
      "[[ 2.30521647e+01  5.07068804e-14  6.96236488e-17 -1.77540971e-16\n",
      "   1.60448375e-15]\n",
      " [ 5.38590937e-14 -5.91123064e+00  1.45623695e+00 -5.36773550e-09\n",
      "   1.81292167e-15]\n",
      " [-8.61681750e-16  1.45623695e+00  5.73339201e+00 -1.07167283e-08\n",
      "  -1.21545377e-15]\n",
      " [ 1.77740191e-23 -5.36773707e-09 -1.07167288e-08  2.68807172e+00\n",
      "  -2.56153578e-16]\n",
      " [ 2.78708827e-41 -1.16948873e-27  4.90299240e-27 -1.16800638e-18\n",
      "  -5.62397751e-01]]\n",
      "Duoi duong cheo phu khac 0 2 1 1.456236946533787\n",
      "[[ 2.30521647e+01 -1.75089810e-14 -7.08488863e-17 -1.77540984e-16\n",
      "   1.60448375e-15]\n",
      " [-1.42255073e-14 -5.92140592e+00 -1.41493293e+00  2.37006607e-09\n",
      "   2.05102924e-15]\n",
      " [-2.21111270e-16 -1.41493293e+00  5.74356729e+00 -4.88702552e-09\n",
      "  -7.46519856e-16]\n",
      " [ 2.07259660e-24  2.37006468e-09 -4.88702642e-09  2.68807172e+00\n",
      "  -2.54741205e-16]\n",
      " [-6.79958779e-43 -1.08035809e-28 -4.65376735e-28  2.44370028e-19\n",
      "  -5.62397751e-01]]\n",
      "Duoi duong cheo phu khac 0 2 1 -1.4149329318571235\n",
      "[[ 2.30521647e+01  5.98729936e-16  8.52520766e-16 -1.77540986e-16\n",
      "   1.60448375e-15]\n",
      " [ 3.75737348e-15 -5.93101170e+00  1.37473333e+00 -1.04644862e-09\n",
      "   1.82137004e-15]\n",
      " [-5.67367249e-17  1.37473333e+00  5.75317308e+00 -2.22816761e-09\n",
      "  -1.20275683e-15]\n",
      " [ 2.41681785e-25 -1.04645018e-09 -2.22816816e-09  2.68807172e+00\n",
      "  -2.55036702e-16]\n",
      " [ 1.65887800e-44 -9.97996026e-30  4.41771967e-29 -5.11270415e-20\n",
      "  -5.62397751e-01]]\n",
      "Duoi duong cheo phu khac 0 2 1 1.3747333254159995\n",
      "[[ 2.30521647e+01 -4.27482740e-15  1.57991258e-16 -1.77540985e-16\n",
      "   1.60448375e-15]\n",
      " [-9.92449465e-16 -5.94007900e+00 -1.33561427e+00  4.62027929e-10\n",
      "   2.04591407e-15]\n",
      " [-1.45581985e-17 -1.33561427e+00  5.76224038e+00 -1.01572596e-09\n",
      "  -7.60426486e-16]\n",
      " [ 2.81820810e-26  4.62026528e-10 -1.01572685e-09  2.68807172e+00\n",
      "  -2.54974879e-16]\n",
      " [-4.04712212e-46 -9.21891667e-31 -4.19410263e-30  1.06967880e-20\n",
      "  -5.62397751e-01]]\n",
      "Duoi duong cheo phu khac 0 2 1 -1.3356142718338697\n",
      "[[ 2.30521647e+01 -2.90242816e-15  8.84669328e-16 -1.77540986e-16\n",
      "   1.60448375e-15]\n",
      " [ 2.62143717e-16 -5.94863724e+00  1.29755193e+00 -2.03987002e-10\n",
      "   1.82926325e-15]\n",
      " [-3.73543829e-18  1.29755193e+00  5.77079862e+00 -4.62951624e-10\n",
      "  -1.19071776e-15]\n",
      " [ 3.28626209e-27 -2.03988564e-10 -4.62952185e-10  2.68807172e+00\n",
      "  -2.54987814e-16]\n",
      " [ 9.87366008e-48 -8.51572288e-32  3.98221652e-31 -2.23797953e-21\n",
      "  -5.62397751e-01]]\n",
      "Duoi duong cheo phu khac 0 2 1 1.2975519324655227\n",
      "[[ 2.30521647e+01 -3.35044812e-15  1.92619585e-16 -1.77540985e-16\n",
      "   1.60448375e-15]\n",
      " [-6.92431984e-17 -5.95671431e+00 -1.26052254e+00  9.00622081e-11\n",
      "   2.04099957e-15]\n",
      " [-9.58443640e-19 -1.26052254e+00  5.77887569e+00 -2.10973552e-10\n",
      "  -7.73520243e-16]\n",
      " [ 3.83205149e-28  9.00608022e-11 -2.10974433e-10  2.68807172e+00\n",
      "  -2.54985108e-16]\n",
      " [-2.40885153e-49 -7.86600532e-33 -3.78140526e-32  4.68229567e-22\n",
      "  -5.62397751e-01]]\n",
      "Duoi duong cheo phu khac 0 2 1 -1.2605225381804928\n",
      "[[ 2.30521647e+01 -3.15175034e-15  8.68443026e-16 -1.77540985e-16\n",
      "   1.60448375e-15]\n",
      " [ 1.82903085e-17 -5.96433666e+00  1.22450244e+00 -3.97594505e-11\n",
      "   1.83663971e-15]\n",
      " [-2.45913958e-19  1.22450244e+00  5.78649803e+00 -9.61301020e-11\n",
      "  -1.17930802e-15]\n",
      " [ 4.46848675e-29 -3.97610083e-11 -9.61306729e-11  2.68807172e+00\n",
      "  -2.54985674e-16]\n",
      " [ 5.87681333e-51 -7.26571799e-34  3.59105331e-33 -9.79628831e-23\n",
      "  -5.62397751e-01]]\n",
      "Duoi duong cheo phu khac 0 2 1 1.2245024366767743\n",
      "[[ 2.30521647e+01 -3.28480577e-15  2.13352396e-16 -1.77540985e-16\n",
      "   1.60448375e-15]\n",
      " [-4.83137590e-18 -5.97152934e+00 -1.18946813e+00  1.75552063e-11\n",
      "   2.03628489e-15]\n",
      " [-6.30945487e-20 -1.18946813e+00  5.79369072e+00 -4.37953168e-11\n",
      "  -7.85847748e-16]\n",
      " [ 5.21062252e-30  1.75537952e-11 -4.37961893e-11  2.68807172e+00\n",
      "  -2.54985556e-16]\n",
      " [-1.43375108e-52 -6.71111836e-35 -3.41058284e-34  2.04957720e-23\n",
      "  -5.62397751e-01]]\n",
      "Duoi duong cheo phu khac 0 2 1 -1.189468134740116\n",
      "[[ 2.30521647e+01 -3.17381230e-15  8.50037381e-16 -1.77540985e-16\n",
      "   1.60448375e-15]\n",
      " [ 1.27622186e-18 -5.97831610e+00  1.15539634e+00 -7.74800784e-12\n",
      "   1.84353512e-15]\n",
      " [-1.61879929e-20  1.15539634e+00  5.80047748e+00 -1.99500376e-11\n",
      "  -1.16849950e-15]\n",
      " [ 6.07601379e-31 -7.74956226e-12 -1.99506175e-11  2.68807172e+00\n",
      "  -2.54985580e-16]\n",
      " [ 3.49788575e-54 -6.19874495e-36  3.23945110e-35 -4.28812074e-24\n",
      "  -5.62397751e-01]]\n",
      "Duoi duong cheo phu khac 0 2 1 1.1553963358403443\n",
      "[[ 2.30521647e+01 -3.27904046e-15  2.32122133e-16 -1.77540985e-16\n",
      "   1.60448375e-15]\n",
      " [-3.37121749e-19 -5.98471941e+00 -1.12226397e+00  3.42259868e-12\n",
      "   2.03176800e-15]\n",
      " [-4.15324072e-21 -1.12226397e+00  5.80688079e+00 -9.08623562e-12\n",
      "  -7.97453213e-16]\n",
      " [ 7.08513108e-32  3.42118255e-12 -9.08710000e-12  2.68807172e+00\n",
      "  -2.54985575e-16]\n",
      " [-8.53370219e-56 -5.72539649e-37 -3.07714800e-36  8.97159643e-25\n",
      "  -5.62397751e-01]]\n",
      "Duoi duong cheo phu khac 0 2 1 -1.122263973432754\n",
      "[[ 2.30521647e+01 -3.17966171e-15  8.32443095e-16 -1.77540985e-16\n",
      "   1.60448375e-15]\n",
      " [ 8.90537688e-20 -5.99076056e+00  1.09004824e+00 -1.50876771e-12\n",
      "   1.84998264e-15]\n",
      " [-1.06555171e-21  1.09004824e+00  5.81292193e+00 -4.13794310e-12\n",
      "  -1.15826468e-15]\n",
      " [ 8.26184471e-33 -1.51031889e-12 -4.13853166e-12  2.68807172e+00\n",
      "  -2.54985576e-16]\n",
      " [ 2.08194544e-57 -5.28811265e-38  2.92319390e-37 -1.87703536e-25\n",
      "  -5.62397751e-01]]\n",
      "Duoi duong cheo phu khac 0 2 1 1.0900482403098408\n",
      "[[ 2.30521647e+01 -3.27742985e-15  2.49771648e-16 -1.77540985e-16\n",
      "   1.60448375e-15]\n",
      " [-2.35246134e-20 -5.99645968e+00 -1.05872661e+00  6.68158092e-13\n",
      "   2.02744594e-15]\n",
      " [-2.73373031e-22 -1.05872661e+00  5.81862105e+00 -1.88375608e-12\n",
      "  -8.08378505e-16]\n",
      " [ 9.63398944e-34  6.66737326e-13 -1.88461282e-12  2.68807172e+00\n",
      "  -2.54985576e-16]\n",
      " [-5.07926892e-59 -4.88415611e-39 -2.77713757e-38  3.92712909e-26\n",
      "  -5.62397751e-01]]\n",
      "Duoi duong cheo phu khac 0 2 1 -1.0587266143265883\n",
      "[[ 2.30521647e+01 -3.18405332e-15  8.15808179e-16 -1.77540985e-16\n",
      "   1.60448375e-15]\n",
      " [ 6.21436963e-21 -6.00183584e+00  1.02827688e+00 -2.92782196e-13\n",
      "   1.85601305e-15]\n",
      " [-7.01343648e-23  1.02827688e+00  5.82399722e+00 -8.57538261e-13\n",
      "  -1.14857668e-15]\n",
      " [ 1.12340229e-34 -2.94330283e-13 -8.58134926e-13  2.68807172e+00\n",
      "  -2.54985576e-16]\n",
      " [ 1.23917622e-60 -4.51099597e-40  2.63855427e-39 -8.21633051e-27\n",
      "  -5.62397751e-01]]\n",
      "Duoi duong cheo phu khac 0 2 1 1.0282768808012859\n",
      "[[ 2.30521647e+01 -3.27609740e-15  2.66410980e-16 -1.77540985e-16\n",
      "   1.60448375e-15]\n",
      " [-1.64163201e-21 -6.00690708e+00 -9.98677152e-01  1.31355124e-13\n",
      "   2.02331494e-15]\n",
      " [-1.79928711e-23 -9.98677152e-01  5.82906845e+00 -3.89855622e-13\n",
      "  -8.18663223e-16]\n",
      " [ 1.30997933e-35  1.29930027e-13 -3.90705138e-13  2.68807172e+00\n",
      "  -2.54985576e-16]\n",
      " [-3.02318644e-62 -4.16629236e-41 -2.50704401e-40  1.71901879e-27\n",
      "  -5.62397751e-01]]\n",
      "Duoi duong cheo phu khac 0 2 1 -0.9986771518734967\n",
      "[[ 2.30521647e+01 -3.18804372e-15  8.00095436e-16 -1.77540985e-16\n",
      "   1.60448375e-15]\n",
      " [ 4.33669072e-22 -6.01169044e+00  9.69905883e-01 -5.58108707e-14\n",
      "   1.86165494e-15]\n",
      " [-4.61598926e-24  9.69905883e-01  5.83385181e+00 -1.77266708e-13\n",
      "  -1.13940937e-15]\n",
      " [ 1.52754348e-36 -5.73559960e-14 -1.77871000e-13  2.68807172e+00\n",
      "  -2.54985576e-16]\n",
      " [ 7.37559045e-64 -3.84788217e-42  2.38222994e-41 -3.59652719e-28\n",
      "  -5.62397751e-01]]\n",
      "Duoi duong cheo phu khac 0 2 1 0.9699058830813608\n",
      "[[ 2.30521647e+01 -3.27478228e-15  2.82099269e-16 -1.77540985e-16\n",
      "   1.60448375e-15]\n",
      " [-1.14563105e-22 -6.01620205e+00 -9.41941887e-01  2.67479517e-14\n",
      "   2.01937063e-15]\n",
      " [-1.18419747e-24 -9.41941887e-01  5.83836343e+00 -8.01276433e-14\n",
      "  -8.28344788e-16]\n",
      " [ 1.78124115e-37  2.53188014e-14 -8.09703241e-14  2.68807172e+00\n",
      "  -2.54985576e-16]\n",
      " [-1.79940389e-65 -3.55376581e-43 -2.26375683e-42  7.52464598e-29\n",
      "  -5.62397751e-01]]\n",
      "Duoi duong cheo phu khac 0 2 1 -0.9419418874019307\n",
      "[[ 2.30521647e+01 -3.19173132e-15  7.85257430e-16 -1.77540985e-16\n",
      "   1.60448375e-15]\n",
      " [ 3.02645746e-23 -6.02045718e+00  9.14764347e-01 -9.63412348e-15\n",
      "   1.86693482e-15]\n",
      " [-3.03793703e-25  9.14764347e-01  5.84261855e+00 -3.62449690e-14\n",
      "  -1.13073746e-15]\n",
      " [ 2.07707347e-38 -1.11764212e-14 -3.68564420e-14  2.68807172e+00\n",
      "  -2.54985576e-16]\n",
      " [ 4.38995954e-67 -3.28209499e-44  2.15128971e-43 -1.57430471e-29\n",
      "  -5.62397751e-01]]\n",
      "Duoi duong cheo phu khac 0 2 1 0.9147643469807035\n",
      "[[ 2.30521647e+01 -3.27347442e-15  2.96889714e-16 -1.77540985e-16\n",
      "   1.60448375e-15]\n",
      " [-7.99516902e-24 -6.02447021e+00 -8.88352823e-01  6.36647436e-15\n",
      "   2.01560811e-15]\n",
      " [-7.79343605e-26 -8.88352823e-01  5.84663159e+00 -1.59390607e-14\n",
      "  -8.37458531e-16]\n",
      " [ 2.42203824e-39  4.93353197e-15 -1.67752770e-14  2.68807172e+00\n",
      "  -2.54985576e-16]\n",
      " [-1.07100717e-68 -3.03116137e-45 -2.04451258e-44  3.29375673e-30\n",
      "  -5.62397751e-01]]\n",
      "Duoi duong cheo phu khac 0 2 1 -0.8883528227599523\n",
      "[[ 2.30521647e+01 -3.19514549e-15  7.71248001e-16 -1.77540985e-16\n",
      "   1.60448375e-15]\n",
      " [ 2.11214541e-24 -6.02825479e+00  8.62687262e-01 -6.38154284e-16\n",
      "   1.87187731e-15]\n",
      " [-1.99928637e-26  8.62687262e-01  5.85041616e+00 -7.01654820e-15\n",
      "  -1.12253648e-15]\n",
      " [ 2.82429550e-40 -2.17775468e-15 -7.63478130e-15  2.68807172e+00\n",
      "  -2.54985576e-16]\n",
      " [ 2.61290874e-70 -2.79938602e-46  1.94312718e-45 -6.89119031e-31\n",
      "  -5.62397751e-01]]\n",
      "Duoi duong cheo phu khac 0 2 1 0.8626872621998203\n",
      "[[ 2.30521647e+01 -3.27217990e-15  3.10832610e-16 -1.77540985e-16\n",
      "   1.60448375e-15]\n",
      " [-5.57985474e-25 -6.03182378e+00 -8.37748005e-01  2.39778535e-15\n",
      "   2.01202209e-15]\n",
      " [-5.12881571e-27 -8.37748005e-01  5.85398515e+00 -2.64442412e-15\n",
      "  -8.46037785e-16]\n",
      " [ 3.29336051e-41  9.61293536e-16 -3.47452821e-15  2.68807172e+00\n",
      "  -2.54985576e-16]\n",
      " [-6.37464647e-72 -2.58530972e-47 -1.84685194e-46  1.44177326e-31\n",
      "  -5.62397751e-01]]\n",
      "Duoi duong cheo phu khac 0 2 1 -0.8377480052714661\n",
      "[[ 2.30521647e+01 -3.19830883e-15  7.58023003e-16 -1.77540985e-16\n",
      "   1.60448375e-15]\n",
      " [ 1.47409244e-25 -6.03518934e+00  8.13515789e-01  1.11270384e-15\n",
      "   1.87650526e-15]\n",
      " [-1.31569573e-27  8.13515789e-01  5.85735072e+00 -9.56538193e-16\n",
      "  -1.11478287e-15]\n",
      " [ 3.84032882e-42 -4.24325735e-16 -1.58113537e-15  2.68807172e+00\n",
      "  -2.54985576e-16]\n",
      " [ 1.55520616e-73 -2.38758396e-48  1.75542090e-47 -3.01647473e-32\n",
      "  -5.62397751e-01]]\n",
      "Duoi duong cheo phu khac 0 2 1 0.813515788887737\n",
      "[[ 2.30521647e+01 -3.27090477e-15  3.23975634e-16 -1.77540985e-16\n",
      "   1.60448375e-15]\n",
      " [-3.89429756e-26 -6.03836297e+00 -7.89971750e-01  1.62711567e-15\n",
      "   2.00860702e-15]\n",
      " [-3.37512866e-28 -7.89971750e-01  5.86052435e+00  1.04848079e-16\n",
      "  -8.54113979e-16]\n",
      " [ 4.47813879e-43  1.87300621e-16 -7.19478410e-16  2.68807172e+00\n",
      "  -2.54985576e-16]\n",
      " [-3.79419658e-75 -2.20496258e-49 -1.66858280e-48  6.31106154e-33\n",
      "  -5.62397751e-01]]\n",
      "Duoi duong cheo phu khac 0 2 1 -0.7899717499239431\n",
      "[[ 2.30521647e+01 -3.20124161e-15  7.45540321e-16 -1.77540985e-16\n",
      "   1.60448375e-15]\n",
      " [ 1.02881192e-26 -6.04135552e+00  7.67097427e-01  1.45190597e-15\n",
      "   1.88083985e-15]\n",
      " [-8.65808601e-29  7.67097427e-01  5.86351689e+00  3.03215104e-16\n",
      "  -1.10745396e-15]\n",
      " [ 5.22187760e-44 -8.26752960e-17 -3.27373422e-16  2.68807172e+00\n",
      "  -2.54985576e-16]\n",
      " [ 9.25660413e-77 -2.03629403e-50  1.58610014e-49 -1.32039885e-33\n",
      "  -5.62397751e-01]]\n",
      "Duoi duong cheo phu khac 0 2 1 0.7670974269692277\n",
      "[[ 2.30521647e+01 -3.26965404e-15  3.36363952e-16 -1.77540985e-16\n",
      "   1.60448375e-15]\n",
      " [-2.71797304e-27 -6.04417723e+00 -7.44874761e-01  1.47942035e-15\n",
      "   2.00535710e-15]\n",
      " [-2.22100912e-29 -7.44874761e-01  5.86633860e+00  6.69914003e-16\n",
      "  -8.61716733e-16]\n",
      " [ 6.08913814e-45  3.64929678e-17 -1.48952351e-16  2.68807172e+00\n",
      "  -2.54985576e-16]\n",
      " [-2.25830998e-78 -1.88051428e-51 -1.50774839e-50  2.76253547e-34\n",
      "  -5.62397751e-01]]\n",
      "Duoi duong cheo phu khac 0 2 1 -0.7448747609377544\n",
      "[[ 2.30521647e+01 -3.20396235e-15  7.33759834e-16 -1.77540985e-16\n",
      "   1.60448375e-15]\n",
      " [ 7.18052953e-28 -6.04683778e+00  7.23286095e-01  1.51614340e-15\n",
      "   1.88490079e-15]\n",
      " [-5.69738871e-30  7.23286095e-01  5.86899915e+00  5.68460094e-16\n",
      "  -1.10052799e-15]\n",
      " [ 7.10043514e-46 -1.61079277e-17 -6.77689677e-17  2.68807172e+00\n",
      "  -2.54985576e-16]\n",
      " [ 5.50954095e-80 -1.73664019e-52  1.43331522e-51 -5.77977040e-35\n",
      "  -5.62397751e-01]]\n",
      "Duoi duong cheo phu khac 0 2 1 0.7232860946584408\n",
      "[[ 2.30521647e+01 -3.26843176e-15  3.48040322e-16 -1.77540985e-16\n",
      "   1.60448375e-15]\n",
      " [-1.89701098e-28 -6.04934631e+00 -7.02314172e-01  1.45295296e-15\n",
      "   2.00226644e-15]\n",
      " [-1.46149922e-30 -7.02314172e-01  5.87150769e+00  7.82875763e-16\n",
      "  -8.68873950e-16]\n",
      " [ 8.27969051e-47  7.10996375e-18 -3.08315345e-17  2.68807172e+00\n",
      "  -2.54985576e-16]\n",
      " [-1.34414858e-81 -1.60376336e-53 -1.36259973e-52  1.20924224e-35\n",
      "  -5.62397751e-01]]\n",
      "Duoi duong cheo phu khac 0 2 1 -0.7023141715521933\n",
      "[[ 2.30521647e+01 -3.20648792e-15  7.22643357e-16 -1.77540985e-16\n",
      "   1.60448375e-15]\n",
      " [ 5.01170094e-29 -6.05171146e+00  6.81942133e-01  1.52689724e-15\n",
      "   1.88870633e-15]\n",
      " [-3.74902827e-31  6.81942133e-01  5.87387283e+00  6.27513188e-16\n",
      "  -1.09398411e-15]\n",
      " [ 9.65479911e-48 -3.13828580e-18 -1.40262409e-17  2.68807172e+00\n",
      "  -2.54985576e-16]\n",
      " [ 3.27928483e-83 -1.48104453e-54  1.29541183e-53 -2.52997386e-36\n",
      "  -5.62397751e-01]]\n",
      "Duoi duong cheo phu khac 0 2 1 0.6819421334965257\n",
      "[[ 2.30521647e+01 -3.26724115e-15  3.59045197e-16 -1.77540985e-16\n",
      "   1.60448375e-15]\n",
      " [-1.32404354e-29 -6.05394135e+00 -6.62153518e-01  1.44996027e-15\n",
      "   1.99932904e-15]\n",
      " [-9.61692830e-32 -6.62153518e-01  5.87610273e+00  8.02452898e-16\n",
      "  -8.75611903e-16]\n",
      " [ 1.12582887e-48  1.38520845e-18 -6.38073039e-18  2.68807172e+00\n",
      "  -2.54985576e-16]\n",
      " [-8.00038712e-85 -1.36770829e-55 -1.23157161e-54  5.29320553e-37\n",
      "  -5.62397751e-01]]\n",
      "Duoi duong cheo phu khac 0 2 1 -0.6621535179690248\n",
      "[[ 2.30521647e+01 -3.20883375e-15  7.12154589e-16 -1.77540985e-16\n",
      "   1.60448375e-15]\n",
      " [ 3.49801043e-30 -6.05604369e+00  6.42932255e-01  1.52731816e-15\n",
      "   1.89227345e-15]\n",
      " [-2.46690099e-32  6.42932255e-01  5.87820506e+00  6.43636492e-16\n",
      "  -1.08780238e-15]\n",
      " [ 1.31280892e-49 -6.11414104e-19 -2.90257489e-18  2.68807172e+00\n",
      "  -2.54985576e-16]\n",
      " [ 1.95183393e-86 -1.26303831e-56  1.17090869e-55 -1.10744325e-37\n",
      "  -5.62397751e-01]]\n",
      "Duoi duong cheo phu khac 0 2 1 0.6429322545533203\n",
      "[[ 2.30521647e+01 -3.26608472e-15  3.69416825e-16 -1.77540985e-16\n",
      "   1.60448375e-15]\n",
      " [-9.24148046e-31 -6.05802572e+00 -6.24262661e-01  1.45140566e-15\n",
      "   1.99653891e-15]\n",
      " [-6.32797672e-33 -6.24262661e-01  5.88018710e+00  8.02910023e-16\n",
      "  -8.81955327e-16]\n",
      " [ 1.53084301e-50  2.69869363e-19 -1.32032653e-18  2.68807172e+00\n",
      "  -2.54985576e-16]\n",
      " [-4.76183920e-88 -1.16637279e-57 -1.11326177e-56  2.31699024e-38\n",
      "  -5.62397751e-01]]\n",
      "Duoi duong cheo phu khac 0 2 1 -0.6242626608839987\n",
      "[[ 2.30521647e+01 -3.21101393e-15  7.02259047e-16 -1.77540985e-16\n",
      "   1.60448375e-15]\n",
      " [ 2.44153819e-31 -6.05989430e+00  6.06129438e-01  1.52581005e-15\n",
      "   1.89561793e-15]\n",
      " [-1.62321468e-33  6.06129438e-01  5.88205568e+00  6.50645707e-16\n",
      "  -1.08196373e-15]\n",
      " [ 1.78508868e-51 -1.19115877e-19 -6.00571920e-19  2.68807172e+00\n",
      "  -2.54985576e-16]\n",
      " [ 1.16173370e-89 -1.07710036e-58  1.05847804e-57 -4.84760170e-39\n",
      "  -5.62397751e-01]]\n",
      "Duoi duong cheo phu khac 0 2 1 0.6061294381002179\n",
      "[[ 2.30521647e+01 -3.26496434e-15  3.79191355e-16 -1.77540985e-16\n",
      "   1.60448375e-15]\n",
      " [-6.45040421e-32 -6.06165589e+00 -5.88517666e-01  1.45358912e-15\n",
      "   1.99389006e-15]\n",
      " [-4.16375440e-34 -5.88517666e-01  5.88381726e+00  7.99609973e-16\n",
      "  -8.87927502e-16]\n",
      " [ 2.08156000e-52  5.25755437e-20 -2.73171435e-19  2.68807172e+00\n",
      "  -2.54985576e-16]\n",
      " [-2.83425193e-91 -9.94656250e-60 -1.00641271e-58  1.01421412e-39\n",
      "  -5.62397751e-01]]\n",
      "Duoi duong cheo phu khac 0 2 1 -0.5885176658716124\n",
      "[[ 2.30521647e+01 -3.21304132e-15  6.92924003e-16 -1.77540985e-16\n",
      "   1.60448375e-15]\n",
      " [ 1.70416520e-32 -6.06331657e+00  5.71412797e-01  1.52400682e-15\n",
      "   1.89875440e-15]\n",
      " [-1.06805204e-34  5.71412797e-01  5.88547795e+00  6.55554044e-16\n",
      "  -1.07644998e-15]\n",
      " [ 2.42726991e-53 -2.32057741e-20 -1.24249003e-19  2.68807172e+00\n",
      "  -2.54985576e-16]\n",
      " [ 6.91465176e-93 -9.18518753e-61  9.56928590e-60 -2.12193647e-40\n",
      "  -5.62397751e-01]]\n",
      "Duoi duong cheo phu khac 0 2 1 0.571412797054392\n",
      "[[ 2.30521647e+01 -3.26388134e-15  3.88402932e-16 -1.77540985e-16\n",
      "   1.60448375e-15]\n",
      " [-4.50233420e-33 -6.06488212e+00 -5.54800652e-01  1.45579812e-15\n",
      "   1.99137657e-15]\n",
      " [-2.73966836e-35 -5.54800652e-01  5.88704349e+00  7.95721854e-16\n",
      "  -8.93550333e-16]\n",
      " [ 2.83039606e-54  1.02425152e-20 -5.65117354e-20  2.68807172e+00\n",
      "  -2.54985576e-16]\n",
      " [-1.68694986e-94 -8.48205940e-62 -9.09895644e-61  4.43951063e-41\n",
      "  -5.62397751e-01]]\n",
      "Duoi duong cheo phu khac 0 2 1 -0.5548006520302826\n",
      "[[ 2.30521647e+01 -3.21492772e-15  6.84118414e-16 -1.77540985e-16\n",
      "   1.60448375e-15]\n",
      " [ 1.18950143e-33 -6.06635795e+00  5.38667413e-01  1.52222338e-15\n",
      "   1.90169650e-15]\n",
      " [-7.02751764e-36  5.38667413e-01  5.88851932e+00  6.59825619e-16\n",
      "  -1.07124379e-15]\n",
      " [ 3.30047425e-55 -4.52080264e-21 -2.57023699e-20  2.68807172e+00\n",
      "  -2.54985576e-16]\n",
      " [ 4.11560832e-96 -7.83272650e-63  8.65190596e-62 -9.28833401e-42\n",
      "  -5.62397751e-01]]\n",
      "Duoi duong cheo phu khac 0 2 1 0.5386674127761312\n",
      "[[ 2.30521647e+01 -3.26283660e-15  3.97083803e-16 -1.77540985e-16\n",
      "   1.60448375e-15]\n",
      " [-3.14263064e-34 -6.06774918e+00 -5.22999617e-01  1.45790157e-15\n",
      "   1.98899259e-15]\n",
      " [-1.80262072e-36 -5.22999617e-01  5.88991056e+00  7.91891322e-16\n",
      "  -8.98844428e-16]\n",
      " [ 3.84862403e-56  1.99536771e-21 -1.16895324e-20  2.68807172e+00\n",
      "  -2.54985576e-16]\n",
      " [-1.00407441e-97 -7.23307682e-64 -8.22696558e-63  1.94330312e-42\n",
      "  -5.62397751e-01]]\n",
      "Duoi duong cheo phu khac 0 2 1 -0.5229996167075484\n",
      "[[ 2.30521647e+01 -3.21668388e-15  6.75812853e-16 -1.77540985e-16\n",
      "   1.60448375e-15]\n",
      " [ 8.30276570e-35 -6.06906066e+00  5.07784150e-01  1.52051772e-15\n",
      "   1.90445689e-15]\n",
      " [-4.62386689e-37  5.07784150e-01  5.89122203e+00  6.63775303e-16\n",
      "  -1.06632865e-15]\n",
      " [ 4.48781169e-57 -8.80701798e-22 -5.31632067e-21  2.68807172e+00\n",
      "  -2.54985576e-16]\n",
      " [ 2.44961460e-99 -6.67931223e-65  7.82302683e-64 -4.06577435e-43\n",
      "  -5.62397751e-01]]\n",
      "Duoi duong cheo phu khac 0 2 1 0.5077841503358733\n",
      "[[ 2.30521647e+001 -3.26183062e-015  4.05264407e-016 -1.77540985e-016\n",
      "   1.60448375e-015]\n",
      " [-2.19357875e-035 -6.07029692e+000 -4.93008243e-001  1.45988114e-015\n",
      "   1.98673240e-015]\n",
      " [-1.18605526e-037 -4.93008243e-001  5.89245830e+000  7.88242292e-016\n",
      "  -9.03829178e-016]\n",
